16
7 0 8 0 0 13 0 14 11 0 9 0 12 0 0 5
0 10 0 12 0 11 15 0 0 0 14 0 0 8 0 7
16 0 15 0 0 10 3 0 0 8 0 0 0 4 0 6
0 13 0 0 0 0 0 1 0 6 0 4 0 9 0 15
0 0 0 8 0 16 0 15 0 0 11 0 0 0 3 10
0 5 12 6 13 9 0 11 0 4 0 3 0 0 7 0
9 15 11 0 0 0 5 0 0 0 1 0 0 14 4 0
0 0 14 4 10 0 0 0 7 5 8 6 0 0 0 0
2 0 0 0 14 4 0 6 0 7 0 16 0 0 9 12
0 0 10 5 0 15 1 0 0 9 0 0 7 0 8 0
11 16 0 0 12 0 0 0 0 0 6 0 0 13 0 14
14 6 13 0 0 0 9 0 12 0 0 0 15 5 16 0
0 0 5 10 0 0 8 0 3 0 16 0 13 0 14 0
3 11 0 7 0 0 2 10 8 0 0 14 0 15 0 9
0 0 6 13 0 0 0 0 15 11 0 0 10 0 12 0
8 0 0 0 15 0 11 0 6 0 0 0 3 0 0 16
